3.560230135917663574e-02
2.178209688281640410e-04
9.438010305166244507e-02
9.299185127019882202e-02
2.664056122303009033e-01
6.921384483575820923e-02
1.269625267013907433e-03
1.762912869453430176e-01
6.550537347793579102e-01
8.308409899473190308e-02
3.892531692981719971e-01
1.302717775106430054e-01
1.042823195457458496e-01
1.192753165960311890e-01
2.363388538360595703e-01
3.127068281173706055e-01
1.003255844116210938e-01
2.256596684455871582e-01
1.914010941982269287e-01
4.324120581150054932e-01
