3.125143349170684814e-01 3.244453370571136475e-01 3.630403578281402588e-01
3.125143349170684814e-01 3.244453370571136475e-01 3.630403578281402588e-01
3.125143349170684814e-01 3.244453370571136475e-01 3.630403578281402588e-01
3.125143349170684814e-01 3.244453370571136475e-01 3.630403578281402588e-01
3.125143349170684814e-01 3.244453370571136475e-01 3.630403578281402588e-01
3.125143349170684814e-01 3.244453370571136475e-01 3.630403578281402588e-01
3.125143349170684814e-01 3.244453370571136475e-01 3.630403578281402588e-01
3.125143349170684814e-01 3.244453370571136475e-01 3.630403578281402588e-01
3.125143349170684814e-01 3.244453370571136475e-01 3.630403578281402588e-01
3.125143349170684814e-01 3.244453370571136475e-01 3.630403578281402588e-01
3.125143349170684814e-01 3.244453370571136475e-01 3.630403578281402588e-01
3.125143349170684814e-01 3.244453370571136475e-01 3.630403578281402588e-01
3.125143349170684814e-01 3.244453370571136475e-01 3.630403578281402588e-01
3.125143349170684814e-01 3.244453370571136475e-01 3.630403578281402588e-01
3.125143349170684814e-01 3.244453370571136475e-01 3.630403578281402588e-01
3.125143349170684814e-01 3.244453370571136475e-01 3.630403578281402588e-01
3.125143349170684814e-01 3.244453370571136475e-01 3.630403578281402588e-01
3.125143349170684814e-01 3.244453370571136475e-01 3.630403578281402588e-01
3.125143349170684814e-01 3.244453370571136475e-01 3.630403578281402588e-01
2.783639132976531982e-01 3.200993239879608154e-01 4.015367627143859863e-01
2.783639132976531982e-01 3.200993239879608154e-01 4.015367627143859863e-01
2.783639132976531982e-01 3.200993239879608154e-01 4.015367627143859863e-01
2.783639132976531982e-01 3.200993239879608154e-01 4.015367627143859863e-01
2.783639132976531982e-01 3.200993239879608154e-01 4.015367627143859863e-01
2.783639132976531982e-01 3.200993239879608154e-01 4.015367627143859863e-01
2.783639132976531982e-01 3.200993239879608154e-01 4.015367627143859863e-01
2.783639132976531982e-01 3.200993239879608154e-01 4.015367627143859863e-01
2.783639132976531982e-01 3.200993239879608154e-01 4.015367627143859863e-01
2.783639132976531982e-01 3.200993239879608154e-01 4.015367627143859863e-01
2.783639132976531982e-01 3.200993239879608154e-01 4.015367627143859863e-01
2.783639132976531982e-01 3.200993239879608154e-01 4.015367627143859863e-01
2.783639132976531982e-01 3.200993239879608154e-01 4.015367627143859863e-01
2.783639132976531982e-01 3.200993239879608154e-01 4.015367627143859863e-01
2.783639132976531982e-01 3.200993239879608154e-01 4.015367627143859863e-01
2.783639132976531982e-01 3.200993239879608154e-01 4.015367627143859863e-01
2.783639132976531982e-01 3.200993239879608154e-01 4.015367627143859863e-01
2.783639132976531982e-01 3.200993239879608154e-01 4.015367627143859863e-01
2.783639132976531982e-01 3.200993239879608154e-01 4.015367627143859863e-01
2.462475001811981201e-01 3.604126870632171631e-01 3.933398425579071045e-01
2.462475001811981201e-01 3.604126870632171631e-01 3.933398425579071045e-01
2.462475001811981201e-01 3.604126870632171631e-01 3.933398425579071045e-01
2.462475001811981201e-01 3.604126870632171631e-01 3.933398425579071045e-01
2.462475001811981201e-01 3.604126870632171631e-01 3.933398425579071045e-01
2.462475001811981201e-01 3.604126870632171631e-01 3.933398425579071045e-01
2.462475001811981201e-01 3.604126870632171631e-01 3.933398425579071045e-01
2.462475001811981201e-01 3.604126870632171631e-01 3.933398425579071045e-01
2.462475001811981201e-01 3.604126870632171631e-01 3.933398425579071045e-01
2.462475001811981201e-01 3.604126870632171631e-01 3.933398425579071045e-01
2.462475001811981201e-01 3.604126870632171631e-01 3.933398425579071045e-01
2.462475001811981201e-01 3.604126870632171631e-01 3.933398425579071045e-01
2.462475001811981201e-01 3.604126870632171631e-01 3.933398425579071045e-01
2.462475001811981201e-01 3.604126870632171631e-01 3.933398425579071045e-01
2.462475001811981201e-01 3.604126870632171631e-01 3.933398425579071045e-01
2.462475001811981201e-01 3.604126870632171631e-01 3.933398425579071045e-01
2.462475001811981201e-01 3.604126870632171631e-01 3.933398425579071045e-01
2.462475001811981201e-01 3.604126870632171631e-01 3.933398425579071045e-01
2.462475001811981201e-01 3.604126870632171631e-01 3.933398425579071045e-01
2.573375701904296875e-01 3.753089308738708496e-01 3.673534393310546875e-01
2.573375701904296875e-01 3.753089308738708496e-01 3.673534393310546875e-01
2.573375701904296875e-01 3.753089308738708496e-01 3.673534393310546875e-01
2.573375701904296875e-01 3.753089308738708496e-01 3.673534393310546875e-01
2.573375701904296875e-01 3.753089308738708496e-01 3.673534393310546875e-01
2.573375701904296875e-01 3.753089308738708496e-01 3.673534393310546875e-01
2.573375701904296875e-01 3.753089308738708496e-01 3.673534393310546875e-01
2.573375701904296875e-01 3.753089308738708496e-01 3.673534393310546875e-01
2.573375701904296875e-01 3.753089308738708496e-01 3.673534393310546875e-01
2.573375701904296875e-01 3.753089308738708496e-01 3.673534393310546875e-01
2.573375701904296875e-01 3.753089308738708496e-01 3.673534393310546875e-01
2.573375701904296875e-01 3.753089308738708496e-01 3.673534393310546875e-01
2.573375701904296875e-01 3.753089308738708496e-01 3.673534393310546875e-01
2.573375701904296875e-01 3.753089308738708496e-01 3.673534393310546875e-01
2.573375701904296875e-01 3.753089308738708496e-01 3.673534393310546875e-01
2.573375701904296875e-01 3.753089308738708496e-01 3.673534393310546875e-01
2.573375701904296875e-01 3.753089308738708496e-01 3.673534393310546875e-01
2.573375701904296875e-01 3.753089308738708496e-01 3.673534393310546875e-01
2.573375701904296875e-01 3.753089308738708496e-01 3.673534393310546875e-01
3.265483975410461426e-01 3.238286972045898438e-01 3.496229350566864014e-01
3.265483975410461426e-01 3.238286972045898438e-01 3.496229350566864014e-01
3.265483975410461426e-01 3.238286972045898438e-01 3.496229350566864014e-01
3.265483975410461426e-01 3.238286972045898438e-01 3.496229350566864014e-01
3.265483975410461426e-01 3.238286972045898438e-01 3.496229350566864014e-01
3.265483975410461426e-01 3.238286972045898438e-01 3.496229350566864014e-01
3.265483975410461426e-01 3.238286972045898438e-01 3.496229350566864014e-01
3.265483975410461426e-01 3.238286972045898438e-01 3.496229350566864014e-01
3.265483975410461426e-01 3.238286972045898438e-01 3.496229350566864014e-01
3.265483975410461426e-01 3.238286972045898438e-01 3.496229350566864014e-01
3.265483975410461426e-01 3.238286972045898438e-01 3.496229350566864014e-01
3.265483975410461426e-01 3.238286972045898438e-01 3.496229350566864014e-01
3.265483975410461426e-01 3.238286972045898438e-01 3.496229350566864014e-01
3.265483975410461426e-01 3.238286972045898438e-01 3.496229350566864014e-01
3.265483975410461426e-01 3.238286972045898438e-01 3.496229350566864014e-01
3.265483975410461426e-01 3.238286972045898438e-01 3.496229350566864014e-01
3.265483975410461426e-01 3.238286972045898438e-01 3.496229350566864014e-01
3.265483975410461426e-01 3.238286972045898438e-01 3.496229350566864014e-01
3.265483975410461426e-01 3.238286972045898438e-01 3.496229350566864014e-01
2.876101434230804443e-01 3.482307791709899902e-01 3.641591072082519531e-01
2.876101434230804443e-01 3.482307791709899902e-01 3.641591072082519531e-01
2.876101434230804443e-01 3.482307791709899902e-01 3.641591072082519531e-01
2.876101434230804443e-01 3.482307791709899902e-01 3.641591072082519531e-01
2.876101434230804443e-01 3.482307791709899902e-01 3.641591072082519531e-01
2.876101434230804443e-01 3.482307791709899902e-01 3.641591072082519531e-01
2.876101434230804443e-01 3.482307791709899902e-01 3.641591072082519531e-01
2.876101434230804443e-01 3.482307791709899902e-01 3.641591072082519531e-01
2.876101434230804443e-01 3.482307791709899902e-01 3.641591072082519531e-01
2.876101434230804443e-01 3.482307791709899902e-01 3.641591072082519531e-01
2.876101434230804443e-01 3.482307791709899902e-01 3.641591072082519531e-01
2.876101434230804443e-01 3.482307791709899902e-01 3.641591072082519531e-01
2.876101434230804443e-01 3.482307791709899902e-01 3.641591072082519531e-01
2.876101434230804443e-01 3.482307791709899902e-01 3.641591072082519531e-01
2.876101434230804443e-01 3.482307791709899902e-01 3.641591072082519531e-01
2.876101434230804443e-01 3.482307791709899902e-01 3.641591072082519531e-01
2.876101434230804443e-01 3.482307791709899902e-01 3.641591072082519531e-01
2.876101434230804443e-01 3.482307791709899902e-01 3.641591072082519531e-01
2.876101434230804443e-01 3.482307791709899902e-01 3.641591072082519531e-01
3.076556324958801270e-01 3.144074380397796631e-01 3.779369294643402100e-01
3.076556324958801270e-01 3.144074380397796631e-01 3.779369294643402100e-01
3.076556324958801270e-01 3.144074380397796631e-01 3.779369294643402100e-01
3.076556324958801270e-01 3.144074380397796631e-01 3.779369294643402100e-01
3.076556324958801270e-01 3.144074380397796631e-01 3.779369294643402100e-01
3.076556324958801270e-01 3.144074380397796631e-01 3.779369294643402100e-01
3.076556324958801270e-01 3.144074380397796631e-01 3.779369294643402100e-01
3.076556324958801270e-01 3.144074380397796631e-01 3.779369294643402100e-01
3.076556324958801270e-01 3.144074380397796631e-01 3.779369294643402100e-01
3.076556324958801270e-01 3.144074380397796631e-01 3.779369294643402100e-01
3.076556324958801270e-01 3.144074380397796631e-01 3.779369294643402100e-01
3.076556324958801270e-01 3.144074380397796631e-01 3.779369294643402100e-01
3.076556324958801270e-01 3.144074380397796631e-01 3.779369294643402100e-01
3.076556324958801270e-01 3.144074380397796631e-01 3.779369294643402100e-01
3.076556324958801270e-01 3.144074380397796631e-01 3.779369294643402100e-01
3.076556324958801270e-01 3.144074380397796631e-01 3.779369294643402100e-01
3.076556324958801270e-01 3.144074380397796631e-01 3.779369294643402100e-01
3.076556324958801270e-01 3.144074380397796631e-01 3.779369294643402100e-01
3.076556324958801270e-01 3.144074380397796631e-01 3.779369294643402100e-01
2.355810999870300293e-01 3.755138814449310303e-01 3.889050185680389404e-01
2.355810999870300293e-01 3.755138814449310303e-01 3.889050185680389404e-01
2.355810999870300293e-01 3.755138814449310303e-01 3.889050185680389404e-01
2.355810999870300293e-01 3.755138814449310303e-01 3.889050185680389404e-01
2.355810999870300293e-01 3.755138814449310303e-01 3.889050185680389404e-01
2.355810999870300293e-01 3.755138814449310303e-01 3.889050185680389404e-01
2.355810999870300293e-01 3.755138814449310303e-01 3.889050185680389404e-01
2.355810999870300293e-01 3.755138814449310303e-01 3.889050185680389404e-01
2.355810999870300293e-01 3.755138814449310303e-01 3.889050185680389404e-01
2.355810999870300293e-01 3.755138814449310303e-01 3.889050185680389404e-01
2.355810999870300293e-01 3.755138814449310303e-01 3.889050185680389404e-01
2.355810999870300293e-01 3.755138814449310303e-01 3.889050185680389404e-01
2.355810999870300293e-01 3.755138814449310303e-01 3.889050185680389404e-01
2.355810999870300293e-01 3.755138814449310303e-01 3.889050185680389404e-01
2.355810999870300293e-01 3.755138814449310303e-01 3.889050185680389404e-01
2.355810999870300293e-01 3.755138814449310303e-01 3.889050185680389404e-01
2.355810999870300293e-01 3.755138814449310303e-01 3.889050185680389404e-01
2.355810999870300293e-01 3.755138814449310303e-01 3.889050185680389404e-01
2.355810999870300293e-01 3.755138814449310303e-01 3.889050185680389404e-01
2.674054205417633057e-01 3.600389361381530762e-01 3.725556731224060059e-01
2.674054205417633057e-01 3.600389361381530762e-01 3.725556731224060059e-01
2.674054205417633057e-01 3.600389361381530762e-01 3.725556731224060059e-01
2.674054205417633057e-01 3.600389361381530762e-01 3.725556731224060059e-01
2.674054205417633057e-01 3.600389361381530762e-01 3.725556731224060059e-01
2.674054205417633057e-01 3.600389361381530762e-01 3.725556731224060059e-01
2.674054205417633057e-01 3.600389361381530762e-01 3.725556731224060059e-01
2.674054205417633057e-01 3.600389361381530762e-01 3.725556731224060059e-01
2.674054205417633057e-01 3.600389361381530762e-01 3.725556731224060059e-01
2.674054205417633057e-01 3.600389361381530762e-01 3.725556731224060059e-01
2.674054205417633057e-01 3.600389361381530762e-01 3.725556731224060059e-01
2.674054205417633057e-01 3.600389361381530762e-01 3.725556731224060059e-01
2.674054205417633057e-01 3.600389361381530762e-01 3.725556731224060059e-01
2.674054205417633057e-01 3.600389361381530762e-01 3.725556731224060059e-01
2.674054205417633057e-01 3.600389361381530762e-01 3.725556731224060059e-01
2.674054205417633057e-01 3.600389361381530762e-01 3.725556731224060059e-01
2.674054205417633057e-01 3.600389361381530762e-01 3.725556731224060059e-01
2.674054205417633057e-01 3.600389361381530762e-01 3.725556731224060059e-01
2.674054205417633057e-01 3.600389361381530762e-01 3.725556731224060059e-01
2.712940275669097900e-01 3.239332437515258789e-01 4.047727584838867188e-01
2.712940275669097900e-01 3.239332437515258789e-01 4.047727584838867188e-01
2.712940275669097900e-01 3.239332437515258789e-01 4.047727584838867188e-01
2.712940275669097900e-01 3.239332437515258789e-01 4.047727584838867188e-01
2.712940275669097900e-01 3.239332437515258789e-01 4.047727584838867188e-01
2.712940275669097900e-01 3.239332437515258789e-01 4.047727584838867188e-01
2.712940275669097900e-01 3.239332437515258789e-01 4.047727584838867188e-01
2.712940275669097900e-01 3.239332437515258789e-01 4.047727584838867188e-01
2.712940275669097900e-01 3.239332437515258789e-01 4.047727584838867188e-01
2.712940275669097900e-01 3.239332437515258789e-01 4.047727584838867188e-01
2.712940275669097900e-01 3.239332437515258789e-01 4.047727584838867188e-01
2.712940275669097900e-01 3.239332437515258789e-01 4.047727584838867188e-01
2.712940275669097900e-01 3.239332437515258789e-01 4.047727584838867188e-01
2.712940275669097900e-01 3.239332437515258789e-01 4.047727584838867188e-01
2.712940275669097900e-01 3.239332437515258789e-01 4.047727584838867188e-01
2.712940275669097900e-01 3.239332437515258789e-01 4.047727584838867188e-01
2.712940275669097900e-01 3.239332437515258789e-01 4.047727584838867188e-01
2.712940275669097900e-01 3.239332437515258789e-01 4.047727584838867188e-01
2.712940275669097900e-01 3.239332437515258789e-01 4.047727584838867188e-01
2.659876048564910889e-01 3.642822504043579102e-01 3.697301149368286133e-01
2.659876048564910889e-01 3.642822504043579102e-01 3.697301149368286133e-01
2.659876048564910889e-01 3.642822504043579102e-01 3.697301149368286133e-01
2.659876048564910889e-01 3.642822504043579102e-01 3.697301149368286133e-01
2.659876048564910889e-01 3.642822504043579102e-01 3.697301149368286133e-01
2.659876048564910889e-01 3.642822504043579102e-01 3.697301149368286133e-01
2.659876048564910889e-01 3.642822504043579102e-01 3.697301149368286133e-01
2.659876048564910889e-01 3.642822504043579102e-01 3.697301149368286133e-01
2.659876048564910889e-01 3.642822504043579102e-01 3.697301149368286133e-01
2.659876048564910889e-01 3.642822504043579102e-01 3.697301149368286133e-01
2.659876048564910889e-01 3.642822504043579102e-01 3.697301149368286133e-01
2.659876048564910889e-01 3.642822504043579102e-01 3.697301149368286133e-01
2.659876048564910889e-01 3.642822504043579102e-01 3.697301149368286133e-01
2.659876048564910889e-01 3.642822504043579102e-01 3.697301149368286133e-01
2.659876048564910889e-01 3.642822504043579102e-01 3.697301149368286133e-01
2.659876048564910889e-01 3.642822504043579102e-01 3.697301149368286133e-01
2.659876048564910889e-01 3.642822504043579102e-01 3.697301149368286133e-01
2.659876048564910889e-01 3.642822504043579102e-01 3.697301149368286133e-01
2.659876048564910889e-01 3.642822504043579102e-01 3.697301149368286133e-01
2.557770013809204102e-01 3.392325043678283691e-01 4.049905538558959961e-01
2.557770013809204102e-01 3.392325043678283691e-01 4.049905538558959961e-01
2.557770013809204102e-01 3.392325043678283691e-01 4.049905538558959961e-01
2.557770013809204102e-01 3.392325043678283691e-01 4.049905538558959961e-01
2.557770013809204102e-01 3.392325043678283691e-01 4.049905538558959961e-01
2.557770013809204102e-01 3.392325043678283691e-01 4.049905538558959961e-01
2.557770013809204102e-01 3.392325043678283691e-01 4.049905538558959961e-01
2.557770013809204102e-01 3.392325043678283691e-01 4.049905538558959961e-01
2.557770013809204102e-01 3.392325043678283691e-01 4.049905538558959961e-01
2.557770013809204102e-01 3.392325043678283691e-01 4.049905538558959961e-01
2.557770013809204102e-01 3.392325043678283691e-01 4.049905538558959961e-01
2.557770013809204102e-01 3.392325043678283691e-01 4.049905538558959961e-01
2.557770013809204102e-01 3.392325043678283691e-01 4.049905538558959961e-01
2.557770013809204102e-01 3.392325043678283691e-01 4.049905538558959961e-01
2.557770013809204102e-01 3.392325043678283691e-01 4.049905538558959961e-01
2.557770013809204102e-01 3.392325043678283691e-01 4.049905538558959961e-01
2.557770013809204102e-01 3.392325043678283691e-01 4.049905538558959961e-01
2.557770013809204102e-01 3.392325043678283691e-01 4.049905538558959961e-01
2.557770013809204102e-01 3.392325043678283691e-01 4.049905538558959961e-01
2.695523798465728760e-01 3.614444434642791748e-01 3.690032064914703369e-01
2.695523798465728760e-01 3.614444434642791748e-01 3.690032064914703369e-01
2.695523798465728760e-01 3.614444434642791748e-01 3.690032064914703369e-01
2.695523798465728760e-01 3.614444434642791748e-01 3.690032064914703369e-01
2.695523798465728760e-01 3.614444434642791748e-01 3.690032064914703369e-01
2.695523798465728760e-01 3.614444434642791748e-01 3.690032064914703369e-01
2.695523798465728760e-01 3.614444434642791748e-01 3.690032064914703369e-01
2.695523798465728760e-01 3.614444434642791748e-01 3.690032064914703369e-01
2.695523798465728760e-01 3.614444434642791748e-01 3.690032064914703369e-01
2.695523798465728760e-01 3.614444434642791748e-01 3.690032064914703369e-01
2.695523798465728760e-01 3.614444434642791748e-01 3.690032064914703369e-01
2.695523798465728760e-01 3.614444434642791748e-01 3.690032064914703369e-01
2.695523798465728760e-01 3.614444434642791748e-01 3.690032064914703369e-01
2.695523798465728760e-01 3.614444434642791748e-01 3.690032064914703369e-01
2.695523798465728760e-01 3.614444434642791748e-01 3.690032064914703369e-01
2.695523798465728760e-01 3.614444434642791748e-01 3.690032064914703369e-01
2.695523798465728760e-01 3.614444434642791748e-01 3.690032064914703369e-01
2.695523798465728760e-01 3.614444434642791748e-01 3.690032064914703369e-01
2.695523798465728760e-01 3.614444434642791748e-01 3.690032064914703369e-01
2.388655692338943481e-01 3.727871477603912354e-01 3.883472383022308350e-01
2.388655692338943481e-01 3.727871477603912354e-01 3.883472383022308350e-01
2.388655692338943481e-01 3.727871477603912354e-01 3.883472383022308350e-01
2.388655692338943481e-01 3.727871477603912354e-01 3.883472383022308350e-01
2.388655692338943481e-01 3.727871477603912354e-01 3.883472383022308350e-01
2.388655692338943481e-01 3.727871477603912354e-01 3.883472383022308350e-01
2.388655692338943481e-01 3.727871477603912354e-01 3.883472383022308350e-01
2.388655692338943481e-01 3.727871477603912354e-01 3.883472383022308350e-01
2.388655692338943481e-01 3.727871477603912354e-01 3.883472383022308350e-01
2.388655692338943481e-01 3.727871477603912354e-01 3.883472383022308350e-01
2.388655692338943481e-01 3.727871477603912354e-01 3.883472383022308350e-01
2.388655692338943481e-01 3.727871477603912354e-01 3.883472383022308350e-01
2.388655692338943481e-01 3.727871477603912354e-01 3.883472383022308350e-01
2.388655692338943481e-01 3.727871477603912354e-01 3.883472383022308350e-01
2.388655692338943481e-01 3.727871477603912354e-01 3.883472383022308350e-01
2.388655692338943481e-01 3.727871477603912354e-01 3.883472383022308350e-01
2.388655692338943481e-01 3.727871477603912354e-01 3.883472383022308350e-01
2.388655692338943481e-01 3.727871477603912354e-01 3.883472383022308350e-01
2.388655692338943481e-01 3.727871477603912354e-01 3.883472383022308350e-01
2.578072547912597656e-01 3.332840502262115479e-01 4.089086949825286865e-01
2.578072547912597656e-01 3.332840502262115479e-01 4.089086949825286865e-01
2.578072547912597656e-01 3.332840502262115479e-01 4.089086949825286865e-01
2.578072547912597656e-01 3.332840502262115479e-01 4.089086949825286865e-01
2.578072547912597656e-01 3.332840502262115479e-01 4.089086949825286865e-01
2.578072547912597656e-01 3.332840502262115479e-01 4.089086949825286865e-01
2.578072547912597656e-01 3.332840502262115479e-01 4.089086949825286865e-01
2.578072547912597656e-01 3.332840502262115479e-01 4.089086949825286865e-01
2.578072547912597656e-01 3.332840502262115479e-01 4.089086949825286865e-01
2.578072547912597656e-01 3.332840502262115479e-01 4.089086949825286865e-01
2.578072547912597656e-01 3.332840502262115479e-01 4.089086949825286865e-01
2.578072547912597656e-01 3.332840502262115479e-01 4.089086949825286865e-01
2.578072547912597656e-01 3.332840502262115479e-01 4.089086949825286865e-01
2.578072547912597656e-01 3.332840502262115479e-01 4.089086949825286865e-01
2.578072547912597656e-01 3.332840502262115479e-01 4.089086949825286865e-01
2.578072547912597656e-01 3.332840502262115479e-01 4.089086949825286865e-01
2.578072547912597656e-01 3.332840502262115479e-01 4.089086949825286865e-01
2.578072547912597656e-01 3.332840502262115479e-01 4.089086949825286865e-01
2.578072547912597656e-01 3.332840502262115479e-01 4.089086949825286865e-01
3.189575076103210449e-01 3.150447607040405273e-01 3.659977018833160400e-01
3.189575076103210449e-01 3.150447607040405273e-01 3.659977018833160400e-01
3.189575076103210449e-01 3.150447607040405273e-01 3.659977018833160400e-01
3.189575076103210449e-01 3.150447607040405273e-01 3.659977018833160400e-01
3.189575076103210449e-01 3.150447607040405273e-01 3.659977018833160400e-01
3.189575076103210449e-01 3.150447607040405273e-01 3.659977018833160400e-01
3.189575076103210449e-01 3.150447607040405273e-01 3.659977018833160400e-01
3.189575076103210449e-01 3.150447607040405273e-01 3.659977018833160400e-01
3.189575076103210449e-01 3.150447607040405273e-01 3.659977018833160400e-01
3.189575076103210449e-01 3.150447607040405273e-01 3.659977018833160400e-01
3.189575076103210449e-01 3.150447607040405273e-01 3.659977018833160400e-01
3.189575076103210449e-01 3.150447607040405273e-01 3.659977018833160400e-01
3.189575076103210449e-01 3.150447607040405273e-01 3.659977018833160400e-01
3.189575076103210449e-01 3.150447607040405273e-01 3.659977018833160400e-01
3.189575076103210449e-01 3.150447607040405273e-01 3.659977018833160400e-01
3.189575076103210449e-01 3.150447607040405273e-01 3.659977018833160400e-01
3.189575076103210449e-01 3.150447607040405273e-01 3.659977018833160400e-01
3.189575076103210449e-01 3.150447607040405273e-01 3.659977018833160400e-01
3.189575076103210449e-01 3.150447607040405273e-01 3.659977018833160400e-01
3.028670251369476318e-01 3.174661695957183838e-01 3.796668052673339844e-01
3.028670251369476318e-01 3.174661695957183838e-01 3.796668052673339844e-01
3.028670251369476318e-01 3.174661695957183838e-01 3.796668052673339844e-01
3.028670251369476318e-01 3.174661695957183838e-01 3.796668052673339844e-01
3.028670251369476318e-01 3.174661695957183838e-01 3.796668052673339844e-01
3.028670251369476318e-01 3.174661695957183838e-01 3.796668052673339844e-01
3.028670251369476318e-01 3.174661695957183838e-01 3.796668052673339844e-01
3.028670251369476318e-01 3.174661695957183838e-01 3.796668052673339844e-01
3.028670251369476318e-01 3.174661695957183838e-01 3.796668052673339844e-01
3.028670251369476318e-01 3.174661695957183838e-01 3.796668052673339844e-01
3.028670251369476318e-01 3.174661695957183838e-01 3.796668052673339844e-01
3.028670251369476318e-01 3.174661695957183838e-01 3.796668052673339844e-01
3.028670251369476318e-01 3.174661695957183838e-01 3.796668052673339844e-01
3.028670251369476318e-01 3.174661695957183838e-01 3.796668052673339844e-01
3.028670251369476318e-01 3.174661695957183838e-01 3.796668052673339844e-01
3.028670251369476318e-01 3.174661695957183838e-01 3.796668052673339844e-01
3.028670251369476318e-01 3.174661695957183838e-01 3.796668052673339844e-01
3.028670251369476318e-01 3.174661695957183838e-01 3.796668052673339844e-01
3.028670251369476318e-01 3.174661695957183838e-01 3.796668052673339844e-01
2.626031041145324707e-01 3.561729192733764648e-01 3.812239766120910645e-01
2.626031041145324707e-01 3.561729192733764648e-01 3.812239766120910645e-01
2.626031041145324707e-01 3.561729192733764648e-01 3.812239766120910645e-01
2.626031041145324707e-01 3.561729192733764648e-01 3.812239766120910645e-01
2.626031041145324707e-01 3.561729192733764648e-01 3.812239766120910645e-01
2.626031041145324707e-01 3.561729192733764648e-01 3.812239766120910645e-01
2.626031041145324707e-01 3.561729192733764648e-01 3.812239766120910645e-01
2.626031041145324707e-01 3.561729192733764648e-01 3.812239766120910645e-01
2.626031041145324707e-01 3.561729192733764648e-01 3.812239766120910645e-01
2.626031041145324707e-01 3.561729192733764648e-01 3.812239766120910645e-01
2.626031041145324707e-01 3.561729192733764648e-01 3.812239766120910645e-01
2.626031041145324707e-01 3.561729192733764648e-01 3.812239766120910645e-01
2.626031041145324707e-01 3.561729192733764648e-01 3.812239766120910645e-01
2.626031041145324707e-01 3.561729192733764648e-01 3.812239766120910645e-01
2.626031041145324707e-01 3.561729192733764648e-01 3.812239766120910645e-01
2.626031041145324707e-01 3.561729192733764648e-01 3.812239766120910645e-01
2.626031041145324707e-01 3.561729192733764648e-01 3.812239766120910645e-01
2.626031041145324707e-01 3.561729192733764648e-01 3.812239766120910645e-01
2.626031041145324707e-01 3.561729192733764648e-01 3.812239766120910645e-01
3.130061030387878418e-01 3.256911635398864746e-01 3.613026738166809082e-01
3.130061030387878418e-01 3.256911635398864746e-01 3.613026738166809082e-01
3.130061030387878418e-01 3.256911635398864746e-01 3.613026738166809082e-01
3.130061030387878418e-01 3.256911635398864746e-01 3.613026738166809082e-01
3.130061030387878418e-01 3.256911635398864746e-01 3.613026738166809082e-01
3.130061030387878418e-01 3.256911635398864746e-01 3.613026738166809082e-01
3.130061030387878418e-01 3.256911635398864746e-01 3.613026738166809082e-01
3.130061030387878418e-01 3.256911635398864746e-01 3.613026738166809082e-01
3.130061030387878418e-01 3.256911635398864746e-01 3.613026738166809082e-01
3.130061030387878418e-01 3.256911635398864746e-01 3.613026738166809082e-01
3.130061030387878418e-01 3.256911635398864746e-01 3.613026738166809082e-01
3.130061030387878418e-01 3.256911635398864746e-01 3.613026738166809082e-01
3.130061030387878418e-01 3.256911635398864746e-01 3.613026738166809082e-01
3.130061030387878418e-01 3.256911635398864746e-01 3.613026738166809082e-01
3.130061030387878418e-01 3.256911635398864746e-01 3.613026738166809082e-01
3.130061030387878418e-01 3.256911635398864746e-01 3.613026738166809082e-01
3.130061030387878418e-01 3.256911635398864746e-01 3.613026738166809082e-01
3.130061030387878418e-01 3.256911635398864746e-01 3.613026738166809082e-01
3.130061030387878418e-01 3.256911635398864746e-01 3.613026738166809082e-01
2.768704593181610107e-01 3.531975746154785156e-01 3.699320256710052490e-01
2.768704593181610107e-01 3.531975746154785156e-01 3.699320256710052490e-01
2.768704593181610107e-01 3.531975746154785156e-01 3.699320256710052490e-01
2.768704593181610107e-01 3.531975746154785156e-01 3.699320256710052490e-01
2.768704593181610107e-01 3.531975746154785156e-01 3.699320256710052490e-01
2.768704593181610107e-01 3.531975746154785156e-01 3.699320256710052490e-01
2.768704593181610107e-01 3.531975746154785156e-01 3.699320256710052490e-01
2.768704593181610107e-01 3.531975746154785156e-01 3.699320256710052490e-01
2.768704593181610107e-01 3.531975746154785156e-01 3.699320256710052490e-01
2.768704593181610107e-01 3.531975746154785156e-01 3.699320256710052490e-01
2.768704593181610107e-01 3.531975746154785156e-01 3.699320256710052490e-01
2.768704593181610107e-01 3.531975746154785156e-01 3.699320256710052490e-01
2.768704593181610107e-01 3.531975746154785156e-01 3.699320256710052490e-01
2.768704593181610107e-01 3.531975746154785156e-01 3.699320256710052490e-01
2.768704593181610107e-01 3.531975746154785156e-01 3.699320256710052490e-01
2.768704593181610107e-01 3.531975746154785156e-01 3.699320256710052490e-01
2.768704593181610107e-01 3.531975746154785156e-01 3.699320256710052490e-01
2.768704593181610107e-01 3.531975746154785156e-01 3.699320256710052490e-01
2.768704593181610107e-01 3.531975746154785156e-01 3.699320256710052490e-01
