9.248968362808227539e-01
9.257894158363342285e-01
9.562876224517822266e-01
9.737275242805480957e-01
9.720250368118286133e-01
9.527799487113952637e-01
9.362071752548217773e-01
9.608920216560363770e-01
9.184448719024658203e-01
9.605094194412231445e-01
9.071370959281921387e-01
9.624472856521606445e-01
9.370717406272888184e-01
9.037461280822753906e-01
9.747601747512817383e-01
9.564290046691894531e-01
9.478620290756225586e-01
9.941336512565612793e-01
9.662927985191345215e-01
9.248968362808227539e-01
9.629378914833068848e-01
9.231609702110290527e-01
9.005975127220153809e-01
9.336853027343750000e-01
9.702883362770080566e-01
9.583629965782165527e-01
9.427802562713623047e-01
9.920116662979125977e-01
9.334698319435119629e-01
9.762074351310729980e-01
9.331967830657958984e-01
9.576365351676940918e-01
9.771318435668945312e-01
9.407669305801391602e-01
9.670314192771911621e-01
9.620549082756042480e-01
9.194710850715637207e-01
9.433119297027587891e-01
9.257894158363342285e-01
9.629378914833068848e-01
9.240518212318420410e-01
9.014666080474853516e-01
9.345863461494445801e-01
9.456793665885925293e-01
9.739821553230285645e-01
9.436900615692138672e-01
9.682787656784057617e-01
9.343706369400024414e-01
9.798525571823120117e-01
9.340974092483520508e-01
9.759801030158996582e-01
9.745930433273315430e-01
9.298531413078308105e-01
9.485585689544677734e-01
9.717776775360107422e-01
9.203584194183349609e-01
9.442222714424133301e-01
9.562876224517822266e-01
9.231609702110290527e-01
9.240518212318420410e-01
9.496837258338928223e-01
9.707690477371215820e-01
9.452939033508300781e-01
9.455955028533935547e-01
9.687253832817077637e-01
9.167211055755615234e-01
9.797813296318054199e-01
9.054345488548278809e-01
9.776089191436767578e-01
9.460327625274658203e-01
9.020499587059020996e-01
9.477579593658447266e-01
9.505792856216430664e-01
9.470599293708801270e-01
9.569688439369201660e-01
9.657034277915954590e-01
9.737275242805480957e-01
9.005975127220153809e-01
9.014666080474853516e-01
9.496837258338928223e-01
9.583087563514709473e-01
9.277480840682983398e-01
9.193909764289855957e-01
9.451736211776733398e-01
8.943150043487548828e-01
9.505856633186340332e-01
8.833043575286865234e-01
9.513632059097290039e-01
9.202400445938110352e-01
8.800024986267089844e-01
9.573013782501220703e-01
9.313012361526489258e-01
9.276469945907592773e-01
9.794734120368957520e-01
9.489362239837646484e-01
9.720250368118286133e-01
9.336853027343750000e-01
9.345863461494445801e-01
9.707690477371215820e-01
9.583087563514709473e-01
9.457046985626220703e-01
9.563756585121154785e-01
9.862934350967407227e-01
9.271720647811889648e-01
9.832388162612915039e-01
9.157568216323852539e-01
9.862297773361206055e-01
9.568179249763488770e-01
9.123336672782897949e-01
9.481698870658874512e-01
9.539365768432617188e-01
9.617285728454589844e-01
9.737565517425537109e-01
9.897949099540710449e-01
9.527799487113952637e-01
9.702883362770080566e-01
9.456793665885925293e-01
9.452939033508300781e-01
9.277480840682983398e-01
9.457046985626220703e-01
9.394269585609436035e-01
9.396943449974060059e-01
9.625373482704162598e-01
9.406584501266479492e-01
9.472027420997619629e-01
9.401913285255432129e-01
9.404730200767517090e-01
9.481031298637390137e-01
9.691284894943237305e-01
9.913706779479980469e-01
9.448122382164001465e-01
9.471906423568725586e-01
9.434714913368225098e-01
9.362071752548217773e-01
9.583629965782165527e-01
9.739821553230285645e-01
9.455955028533935547e-01
9.193909764289855957e-01
9.563756585121154785e-01
9.394269585609436035e-01
9.656915664672851562e-01
9.613696932792663574e-01
9.561548829078674316e-01
9.575283527374267578e-01
9.558752775192260742e-01
9.970321059226989746e-01
9.539490342140197754e-01
9.355102777481079102e-01
9.430115222930908203e-01
9.802401661872863770e-01
9.342114329338073730e-01
9.662361741065979004e-01
9.608920216560363770e-01
9.427802562713623047e-01
9.436900615692138672e-01
9.687253832817077637e-01
9.451736211776733398e-01
9.862934350967407227e-01
9.396943449974060059e-01
9.656915664672851562e-01
9.362034797668457031e-01
9.887158870697021484e-01
9.246771335601806641e-01
9.898349046707153320e-01
9.661381244659423828e-01
9.212205410003662109e-01
9.421438574790954590e-01
9.478738307952880859e-01
9.710966348648071289e-01
9.604097008705139160e-01
9.929277300834655762e-01
9.184448719024658203e-01
9.920116662979125977e-01
9.682787656784057617e-01
9.167211055755615234e-01
8.943150043487548828e-01
9.271720647811889648e-01
9.625373482704162598e-01
9.613696932792663574e-01
9.362034797668457031e-01
9.269580245018005371e-01
9.840685129165649414e-01
9.266869425773620605e-01
9.618127942085266113e-01
9.839960932731628418e-01
9.342042207717895508e-01
9.602854847908020020e-01
9.635411500930786133e-01
9.130569696426391602e-01
9.367314577102661133e-01
9.605094194412231445e-01
9.334698319435119629e-01
9.343706369400024414e-01
9.797813296318054199e-01
9.505856633186340332e-01
9.832388162612915039e-01
9.406584501266479492e-01
9.561548829078674316e-01
9.887158870697021484e-01
9.269580245018005371e-01
9.155454635620117188e-01
9.969672560691833496e-01
9.565970897674560547e-01
9.121230840682983398e-01
9.431104660034179688e-01
9.488463401794433594e-01
9.615066051483154297e-01
9.611936807632446289e-01
9.856315851211547852e-01
9.071370959281921387e-01
9.762074351310729980e-01
9.798525571823120117e-01
9.054345488548278809e-01
8.833043575286865234e-01
9.157568216323852539e-01
9.472027420997619629e-01
9.575283527374267578e-01
9.246771335601806641e-01
9.840685129165649414e-01
9.155454635620117188e-01
9.152777194976806641e-01
9.570857882499694824e-01
9.939603805541992188e-01
9.227024316787719727e-01
9.484173655509948730e-01
9.521988034248352051e-01
9.018155336380004883e-01
9.251985549926757812e-01
9.624472856521606445e-01
9.331967830657958984e-01
9.340974092483520508e-01
9.776089191436767578e-01
9.513632059097290039e-01
9.862297773361206055e-01
9.401913285255432129e-01
9.558752775192260742e-01
9.898349046707153320e-01
9.266869425773620605e-01
9.969672560691833496e-01
9.152777194976806641e-01
9.563173055648803711e-01
9.118562936782836914e-01
9.426421523094177246e-01
9.483751654624938965e-01
9.612253904342651367e-01
9.631329178810119629e-01
9.878218173980712891e-01
9.370717406272888184e-01
9.576365351676940918e-01
9.759801030158996582e-01
9.460327625274658203e-01
9.202400445938110352e-01
9.568179249763488770e-01
9.404730200767517090e-01
9.970321059226989746e-01
9.661381244659423828e-01
9.618127942085266113e-01
9.565970897674560547e-01
9.570857882499694824e-01
9.563173055648803711e-01
9.535081386566162109e-01
9.371517896652221680e-01
9.446662664413452148e-01
9.831580519676208496e-01
9.350742101669311523e-01
9.666830301284790039e-01
9.037461280822753906e-01
9.771318435668945312e-01
9.745930433273315430e-01
9.020499587059020996e-01
8.800024986267089844e-01
9.123336672782897949e-01
9.481031298637390137e-01
9.539490342140197754e-01
9.212205410003662109e-01
9.839960932731628418e-01
9.121230840682983398e-01
9.939603805541992188e-01
9.118562936782836914e-01
9.535081386566162109e-01
9.192532896995544434e-01
9.449171423912048340e-01
9.486393928527832031e-01
8.984444737434387207e-01
9.217401146888732910e-01
9.747601747512817383e-01
9.407669305801391602e-01
9.298531413078308105e-01
9.477579593658447266e-01
9.573013782501220703e-01
9.481698870658874512e-01
9.691284894943237305e-01
9.355102777481079102e-01
9.421438574790954590e-01
9.342042207717895508e-01
9.431104660034179688e-01
9.227024316787719727e-01
9.426421523094177246e-01
9.371517896652221680e-01
9.192532896995544434e-01
9.728401303291320801e-01
9.442683458328247070e-01
9.693253636360168457e-01
9.459308385848999023e-01
9.564290046691894531e-01
9.670314192771911621e-01
9.485585689544677734e-01
9.505792856216430664e-01
9.313012361526489258e-01
9.539365768432617188e-01
9.913706779479980469e-01
9.430115222930908203e-01
9.478738307952880859e-01
9.602854847908020020e-01
9.488463401794433594e-01
9.484173655509948730e-01
9.483751654624938965e-01
9.446662664413452148e-01
9.449171423912048340e-01
9.728401303291320801e-01
9.530362486839294434e-01
9.508182406425476074e-01
9.516838788986206055e-01
9.478620290756225586e-01
9.620549082756042480e-01
9.717776775360107422e-01
9.470599293708801270e-01
9.276469945907592773e-01
9.617285728454589844e-01
9.448122382164001465e-01
9.802401661872863770e-01
9.710966348648071289e-01
9.635411500930786133e-01
9.615066051483154297e-01
9.521988034248352051e-01
9.612253904342651367e-01
9.831580519676208496e-01
9.486393928527832031e-01
9.442683458328247070e-01
9.530362486839294434e-01
9.458414316177368164e-01
9.716443419456481934e-01
9.941336512565612793e-01
9.194710850715637207e-01
9.203584194183349609e-01
9.569688439369201660e-01
9.794734120368957520e-01
9.737565517425537109e-01
9.471906423568725586e-01
9.342114329338073730e-01
9.604097008705139160e-01
9.130569696426391602e-01
9.611936807632446289e-01
9.018155336380004883e-01
9.631329178810119629e-01
9.350742101669311523e-01
8.984444737434387207e-01
9.693253636360168457e-01
9.508182406425476074e-01
9.458414316177368164e-01
9.642329216003417969e-01
9.662927985191345215e-01
9.433119297027587891e-01
9.442222714424133301e-01
9.657034277915954590e-01
9.489362239837646484e-01
9.897949099540710449e-01
9.434714913368225098e-01
9.662361741065979004e-01
9.929277300834655762e-01
9.367314577102661133e-01
9.856315851211547852e-01
9.251985549926757812e-01
9.878218173980712891e-01
9.666830301284790039e-01
9.217401146888732910e-01
9.459308385848999023e-01
9.516838788986206055e-01
9.716443419456481934e-01
9.642329216003417969e-01
