1.000000000000000000e+00
1.348661608062684536e-03
2.532754326239228249e-03
2.551594283431768417e-03
2.581339329481124878e-03
1.079220965038985014e-04
2.556837629526853561e-03
2.527121687307953835e-03
2.568678930401802063e-03
2.541702240705490112e-03
2.581695094704627991e-03
2.580741187557578087e-03
2.566070063039660454e-03
2.030358463525772095e-02
1.097035601560492069e-05
2.560271881520748138e-03
2.572660334408283234e-03
6.368843605741858482e-05
2.526933792978525162e-03
2.573019592091441154e-03
1.348661608062684536e-03
1.000000000000000000e+00
9.001510590314865112e-02
9.243299067020416260e-02
9.084960818290710449e-02
1.876463182270526886e-02
9.161953628063201904e-02
9.075599908828735352e-02
9.223496913909912109e-02
9.134504199028015137e-02
9.036347270011901855e-02
9.028322994709014893e-02
9.157145023345947266e-02
3.066449984908103943e-02
1.259860233403742313e-03
9.271578490734100342e-02
9.172040224075317383e-02
1.015645917505025864e-03
8.978387713432312012e-02
9.101771563291549683e-02
2.532754326239228249e-03
9.001510590314865112e-02
1.000000000000000000e+00
9.197589755058288574e-01
9.114085435867309570e-01
3.178082406520843506e-03
9.418208599090576172e-01
9.746862649917602539e-01
9.077283740043640137e-01
9.118401408195495605e-01
9.288931488990783691e-01
9.215546846389770508e-01
9.317247271537780762e-01
1.118736565113067627e-01
1.820950128603726625e-04
9.134299159049987793e-01
9.333561658859252930e-01
1.473182928748428822e-04
9.076016545295715332e-01
9.358173012733459473e-01
2.551594283431768417e-03
9.243299067020416260e-02
9.197589755058288574e-01
1.000000000000000000e+00
9.028545022010803223e-01
3.244613297283649445e-03
9.308887124061584473e-01
9.161221385002136230e-01
9.055874943733215332e-01
9.113590717315673828e-01
9.177634119987487793e-01
9.193429350852966309e-01
9.137327671051025391e-01
1.124622151255607605e-01
1.874887093435972929e-04
9.088773131370544434e-01
9.206434488296508789e-01
1.512841845396906137e-04
9.014302492141723633e-01
9.430404901504516602e-01
2.581339329481124878e-03
9.084960818290710449e-02
9.114085435867309570e-01
9.028545022010803223e-01
1.000000000000000000e+00
3.066669218242168427e-03
9.156000614166259766e-01
9.045770764350891113e-01
8.975218534469604492e-01
9.038789868354797363e-01
9.021815061569213867e-01
9.003677368164062500e-01
9.379207491874694824e-01
1.135174855589866638e-01
1.763424661476165056e-04
8.915756344795227051e-01
9.339960217475891113e-01
1.467474503442645073e-04
8.870028257369995117e-01
9.389721751213073730e-01
1.079220965038985014e-04
1.876463182270526886e-02
3.178082406520843506e-03
3.244613297283649445e-03
3.066669218242168427e-03
1.000000000000000000e+00
3.188393544405698776e-03
3.186183748766779900e-03
3.219767007976770401e-03
3.194008488208055496e-03
3.219004254788160324e-03
3.201650921255350113e-03
3.180104773491621017e-03
1.522047212347388268e-03
5.552749335765838623e-02
3.214995842427015305e-03
3.182402811944484711e-03
2.462251670658588409e-02
3.170193871483206749e-03
3.162116743624210358e-03
2.556837629526853561e-03
9.161953628063201904e-02
9.418208599090576172e-01
9.308887124061584473e-01
9.156000614166259766e-01
3.188393544405698776e-03
1.000000000000000000e+00
9.359691143035888672e-01
9.041269421577453613e-01
9.048021435737609863e-01
9.290960431098937988e-01
9.281747937202453613e-01
9.295458793640136719e-01
1.131796240806579590e-01
1.843418431235477328e-04
9.069303274154663086e-01
9.252170920372009277e-01
1.479532802477478981e-04
9.095535874366760254e-01
9.376819729804992676e-01
2.527121687307953835e-03
9.075599908828735352e-02
9.746862649917602539e-01
9.161221385002136230e-01
9.045770764350891113e-01
3.186183748766779900e-03
9.359691143035888672e-01
1.000000000000000000e+00
9.023640751838684082e-01
9.123636484146118164e-01
9.153890609741210938e-01
9.066148996353149414e-01
9.258660078048706055e-01
1.113173738121986389e-01
1.831558474805206060e-04
9.301869273185729980e-01
9.264563918113708496e-01
1.475816679885610938e-04
9.103581905364990234e-01
9.225313067436218262e-01
2.568678930401802063e-03
9.223496913909912109e-02
9.077283740043640137e-01
9.055874943733215332e-01
8.975218534469604492e-01
3.219767007976770401e-03
9.041269421577453613e-01
9.023640751838684082e-01
1.000000000000000000e+00
9.166218638420104980e-01
9.355623722076416016e-01
9.259517192840576172e-01
9.235041737556457520e-01
1.134844422340393066e-01
1.842133788159117103e-04
9.162719845771789551e-01
9.564773440361022949e-01
1.499296195106580853e-04
9.264173507690429688e-01
9.256163835525512695e-01
2.541702240705490112e-03
9.134504199028015137e-02
9.118401408195495605e-01
9.113590717315673828e-01
9.038789868354797363e-01
3.194008488208055496e-03
9.048021435737609863e-01
9.123636484146118164e-01
9.166218638420104980e-01
1.000000000000000000e+00
9.170676469802856445e-01
9.079564213752746582e-01
9.124491810798645020e-01
1.117518320679664612e-01
1.839509350247681141e-04
9.102185964584350586e-01
9.274204969406127930e-01
1.489911664975807071e-04
9.140606522560119629e-01
9.221282601356506348e-01
2.581695094704627991e-03
9.036347270011901855e-02
9.288931488990783691e-01
9.177634119987487793e-01
9.021815061569213867e-01
3.219004254788160324e-03
9.290960431098937988e-01
9.153890609741210938e-01
9.355623722076416016e-01
9.170676469802856445e-01
1.000000000000000000e+00
9.715229868888854980e-01
9.294134378433227539e-01
1.142284721136093140e-01
1.832016278058290482e-04
9.058187007904052734e-01
9.476731419563293457e-01
1.496691838838160038e-04
9.232262969017028809e-01
9.482626914978027344e-01
2.580741187557578087e-03
9.028322994709014893e-02
9.215546846389770508e-01
9.193429350852966309e-01
9.003677368164062500e-01
3.201650921255350113e-03
9.281747937202453613e-01
9.066148996353149414e-01
9.259517192840576172e-01
9.079564213752746582e-01
9.715229868888854980e-01
1.000000000000000000e+00
9.249103069305419922e-01
1.136668398976325989e-01
1.824103092076256871e-04
8.972125053405761719e-01
9.411571025848388672e-01
1.489992573624476790e-04
9.099329113960266113e-01
9.507996439933776855e-01
2.566070063039660454e-03
9.157145023345947266e-02
9.317247271537780762e-01
9.137327671051025391e-01
9.379207491874694824e-01
3.180104773491621017e-03
9.295458793640136719e-01
9.258660078048706055e-01
9.235041737556457520e-01
9.124491810798645020e-01
9.294134378433227539e-01
9.249103069305419922e-01
1.000000000000000000e+00
1.134033799171447754e-01
1.820252218749374151e-04
9.162281155586242676e-01
9.516426324844360352e-01
1.496884506195783615e-04
9.140261411666870117e-01
9.390895366668701172e-01
2.030358463525772095e-02
3.066449984908103943e-02
1.118736565113067627e-01
1.124622151255607605e-01
1.135174855589866638e-01
1.522047212347388268e-03
1.131796240806579590e-01
1.113173738121986389e-01
1.134844422340393066e-01
1.117518320679664612e-01
1.142284721136093140e-01
1.136668398976325989e-01
1.134033799171447754e-01
1.000000000000000000e+00
1.012644788715988398e-04
1.119106039404869080e-01
1.136281490325927734e-01
1.637549867155030370e-04
1.110949218273162842e-01
1.133790761232376099e-01
1.097035601560492069e-05
1.259860233403742313e-03
1.820950128603726625e-04
1.874887093435972929e-04
1.763424661476165056e-04
5.552749335765838623e-02
1.843418431235477328e-04
1.831558474805206060e-04
1.842133788159117103e-04
1.839509350247681141e-04
1.832016278058290482e-04
1.824103092076256871e-04
1.820252218749374151e-04
1.012644788715988398e-04
1.000000000000000000e+00
1.845099905040115118e-04
1.822147023631259799e-04
7.487648725509643555e-02
1.818771997932344675e-04
1.812598929973319173e-04
2.560271881520748138e-03
9.271578490734100342e-02
9.134299159049987793e-01
9.088773131370544434e-01
8.915756344795227051e-01
3.214995842427015305e-03
9.069303274154663086e-01
9.301869273185729980e-01
9.162719845771789551e-01
9.102185964584350586e-01
9.058187007904052734e-01
8.972125053405761719e-01
9.162281155586242676e-01
1.119106039404869080e-01
1.845099905040115118e-04
1.000000000000000000e+00
9.251070618629455566e-01
1.504521351307630539e-04
9.346154332160949707e-01
9.098691344261169434e-01
2.572660334408283234e-03
9.172040224075317383e-02
9.333561658859252930e-01
9.206434488296508789e-01
9.339960217475891113e-01
3.182402811944484711e-03
9.252170920372009277e-01
9.264563918113708496e-01
9.564773440361022949e-01
9.274204969406127930e-01
9.476731419563293457e-01
9.411571025848388672e-01
9.516426324844360352e-01
1.136281490325927734e-01
1.822147023631259799e-04
9.251070618629455566e-01
1.000000000000000000e+00
1.494516764068976045e-04
9.278715252876281738e-01
9.548559784889221191e-01
6.368843605741858482e-05
1.015645917505025864e-03
1.473182928748428822e-04
1.512841845396906137e-04
1.467474503442645073e-04
2.462251670658588409e-02
1.479532802477478981e-04
1.475816679885610938e-04
1.499296195106580853e-04
1.489911664975807071e-04
1.496691838838160038e-04
1.489992573624476790e-04
1.496884506195783615e-04
1.637549867155030370e-04
7.487648725509643555e-02
1.504521351307630539e-04
1.494516764068976045e-04
1.000000000000000000e+00
1.460573112126439810e-04
1.491247821832075715e-04
2.526933792978525162e-03
8.978387713432312012e-02
9.076016545295715332e-01
9.014302492141723633e-01
8.870028257369995117e-01
3.170193871483206749e-03
9.095535874366760254e-01
9.103581905364990234e-01
9.264173507690429688e-01
9.140606522560119629e-01
9.232262969017028809e-01
9.099329113960266113e-01
9.140261411666870117e-01
1.110949218273162842e-01
1.818771997932344675e-04
9.346154332160949707e-01
9.278715252876281738e-01
1.460573112126439810e-04
1.000000000000000000e+00
9.113060235977172852e-01
2.573019592091441154e-03
9.101771563291549683e-02
9.358173012733459473e-01
9.430404901504516602e-01
9.389721751213073730e-01
3.162116743624210358e-03
9.376819729804992676e-01
9.225313067436218262e-01
9.256163835525512695e-01
9.221282601356506348e-01
9.482626914978027344e-01
9.507996439933776855e-01
9.390895366668701172e-01
1.133790761232376099e-01
1.812598929973319173e-04
9.098691344261169434e-01
9.548559784889221191e-01
1.491247821832075715e-04
9.113060235977172852e-01
1.000000000000000000e+00
